data = [{"colorbar": {"outlinewidth": 0, "thickness": 25, "thicknessmode": "pixels", "len": 0.8, "lenmode": "fraction"}, "z": [[996.9220581054688, 990.842041015625, 984.9874877929688, 979.5026245117188, 974.5224609375, 970.1696166992188, 966.5513305664062, 963.7566528320312, 961.8543701171875, 960.891357421875, 960.891357421875, 961.8543701171875, 963.7566528320312, 966.5513305664062, 970.1696166992188, 974.5224609375, 979.5026245117188, 984.9874877929688, 990.842041015625, 996.9220581054688, 1003.0780029296875, 1009.1580200195312, 1015.0125122070312, 1020.497314453125, 1025.4775390625, 1029.830322265625, 1033.44873046875, 1036.243408203125, 1038.1456298828125, 1039.108642578125, 1039.108642578125, 1038.1456298828125, 1036.243408203125, 1033.44873046875, 1029.830322265625, 1025.4775390625, 1020.497314453125, 1015.0125122070312, 1009.1580200195312, 1003.0780029296875], [990.842041015625, 972.7516479492188, 955.3321533203125, 939.0125732421875, 924.1947021484375, 911.2433471679688, 900.4775390625, 892.1622924804688, 886.5023803710938, 883.6371459960938, 883.6371459960938, 886.5023803710938, 892.1622924804688, 900.4775390625, 911.2433471679688, 924.1947021484375, 939.0125732421875, 955.3321533203125, 972.7516479492188, 990.842041015625, 1009.1580200195312, 1027.2484130859375, 1044.6678466796875, 1060.9874267578125, 1075.8052978515625, 1088.756591796875, 1099.5224609375, 1107.837646484375, 1113.4976806640625, 1116.3629150390625, 1116.3629150390625, 1113.4976806640625, 1107.837646484375, 1099.5224609375, 1088.756591796875, 1075.8052978515625, 1060.9874267578125, 1044.6678466796875, 1027.2484130859375, 1009.1580200195312], [984.9874877929688, 955.3321533203125, 926.7766723632812, 900.0242309570312, 875.7335205078125, 854.5026245117188, 836.8543701171875, 823.2233276367188, 813.945068359375, 809.2481079101562, 809.2481079101562, 813.945068359375, 823.2233276367188, 836.8543701171875, 854.5026245117188, 875.7335205078125, 900.0242309570312, 926.7766723632812, 955.3321533203125, 984.9874877929688, 1015.0125122070312, 1044.6678466796875, 1073.2232666015625, 1099.975830078125, 1124.2664794921875, 1145.4974365234375, 1163.1456298828125, 1176.7767333984375, 1186.054931640625, 1190.7518310546875, 1190.7518310546875, 1186.054931640625, 1176.7767333984375, 1163.1456298828125, 1145.4974365234375, 1124.2664794921875, 1099.975830078125, 1073.2232666015625, 1044.6678466796875, 1015.0125122070312], [979.5026245117188, 939.0125732421875, 900.0242309570312, 863.4976196289062, 830.3321533203125, 801.344482421875, 777.2483520507812, 758.6371459960938, 745.9690551757812, 739.5560913085938, 739.5560913085938, 745.9690551757812, 758.6371459960938, 777.2483520507812, 801.344482421875, 830.3321533203125, 863.4976196289062, 900.0242309570312, 939.0125732421875, 979.5026245117188, 1020.497314453125, 1060.9874267578125, 1099.975830078125, 1136.5023193359375, 1169.6678466796875, 1198.655517578125, 1222.7515869140625, 1241.3629150390625, 1254.0308837890625, 1260.4439697265625, 1260.4439697265625, 1254.0308837890625, 1241.3629150390625, 1222.7515869140625, 1198.655517578125, 1169.6678466796875, 1136.5023193359375, 1099.975830078125, 1060.9874267578125, 1020.497314453125], [974.5224609375, 924.1947021484375, 875.7335205078125, 830.3321533203125, 789.108642578125, 753.0779418945312, 723.1272583007812, 699.994140625, 684.2481079101562, 676.2769775390625, 676.2769775390625, 684.2481079101562, 699.994140625, 723.1272583007812, 753.0779418945312, 789.108642578125, 830.3321533203125, 875.7335205078125, 924.1947021484375, 974.5224609375, 1025.4775390625, 1075.8052978515625, 1124.2664794921875, 1169.6678466796875, 1210.891357421875, 1246.922119140625, 1276.872802734375, 1300.005859375, 1315.7518310546875, 1323.7230224609375, 1323.7230224609375, 1315.7518310546875, 1300.005859375, 1276.872802734375, 1246.922119140625, 1210.891357421875, 1169.6678466796875, 1124.2664794921875, 1075.8052978515625, 1025.4775390625], [970.1696166992188, 911.2433471679688, 854.5026245117188, 801.344482421875, 753.0779418945312, 710.891357421875, 675.8236694335938, 648.7382202148438, 630.3020629882812, 620.9690551757812, 620.9690551757812, 630.3020629882812, 648.7382202148438, 675.8236694335938, 710.891357421875, 753.0779418945312, 801.344482421875, 854.5026245117188, 911.2433471679688, 970.1696166992188, 1029.830322265625, 1088.756591796875, 1145.4974365234375, 1198.655517578125, 1246.922119140625, 1289.108642578125, 1324.1763916015625, 1351.26171875, 1369.697998046875, 1379.0308837890625, 1379.0308837890625, 1369.697998046875, 1351.26171875, 1324.1763916015625, 1289.108642578125, 1246.922119140625, 1198.655517578125, 1145.4974365234375, 1088.756591796875, 1029.830322265625], [966.5513305664062, 900.4775390625, 836.8543701171875, 777.2483520507812, 723.1272583007812, 675.8236694335938, 636.5023803710938, 606.131591796875, 585.4591674804688, 574.994140625, 574.994140625, 585.4591674804688, 606.131591796875, 636.5023803710938, 675.8236694335938, 723.1272583007812, 777.2483520507812, 836.8543701171875, 900.4775390625, 966.5513305664062, 1033.44873046875, 1099.5224609375, 1163.1456298828125, 1222.7515869140625, 1276.872802734375, 1324.1763916015625, 1363.4976806640625, 1393.868408203125, 1414.540771484375, 1425.005859375, 1425.005859375, 1414.540771484375, 1393.868408203125, 1363.4976806640625, 1324.1763916015625, 1276.872802734375, 1222.7515869140625, 1163.1456298828125, 1099.5224609375, 1033.44873046875], [963.7566528320312, 892.1622924804688, 823.2233276367188, 758.6371459960938, 699.994140625, 648.7382202148438, 606.131591796875, 573.2233276367188, 550.8236694335938, 539.4842529296875, 539.4842529296875, 550.8236694335938, 573.2233276367188, 606.131591796875, 648.7382202148438, 699.994140625, 758.6371459960938, 823.2233276367188, 892.1622924804688, 963.7566528320312, 1036.243408203125, 1107.837646484375, 1176.7767333984375, 1241.3629150390625, 1300.005859375, 1351.26171875, 1393.868408203125, 1426.7767333984375, 1449.1763916015625, 1460.5157470703125, 1460.5157470703125, 1449.1763916015625, 1426.7767333984375, 1393.868408203125, 1351.26171875, 1300.005859375, 1241.3629150390625, 1176.7767333984375, 1107.837646484375, 1036.243408203125], [961.8543701171875, 886.5023803710938, 813.945068359375, 745.9690551757812, 684.2481079101562, 630.3020629882812, 585.4591674804688, 550.8236694335938, 527.2483520507812, 515.3137817382812, 515.3137817382812, 527.2483520507812, 550.8236694335938, 585.4591674804688, 630.3020629882812, 684.2481079101562, 745.9690551757812, 813.945068359375, 886.5023803710938, 961.8543701171875, 1038.1456298828125, 1113.4976806640625, 1186.054931640625, 1254.0308837890625, 1315.7518310546875, 1369.697998046875, 1414.540771484375, 1449.1763916015625, 1472.7515869140625, 1484.6861572265625, 1484.6861572265625, 1472.7515869140625, 1449.1763916015625, 1414.540771484375, 1369.697998046875, 1315.7518310546875, 1254.0308837890625, 1186.054931640625, 1113.4976806640625, 1038.1456298828125], [960.891357421875, 883.6371459960938, 809.2481079101562, 739.5560913085938, 676.2769775390625, 620.9690551757812, 574.994140625, 539.4842529296875, 515.3137817382812, 503.0779113769531, 503.0779113769531, 515.3137817382812, 539.4842529296875, 574.994140625, 620.9690551757812, 676.2769775390625, 739.5560913085938, 809.2481079101562, 883.6371459960938, 960.891357421875, 1039.108642578125, 1116.3629150390625, 1190.7518310546875, 1260.4439697265625, 1323.7230224609375, 1379.0308837890625, 1425.005859375, 1460.5157470703125, 1484.6861572265625, 1496.922119140625, 1496.922119140625, 1484.6861572265625, 1460.5157470703125, 1425.005859375, 1379.0308837890625, 1323.7230224609375, 1260.4439697265625, 1190.7518310546875, 1116.3629150390625, 1039.108642578125], [960.891357421875, 883.6371459960938, 809.2481079101562, 739.5560913085938, 676.2769775390625, 620.9690551757812, 574.994140625, 539.4842529296875, 515.3137817382812, 503.0779113769531, 503.0779113769531, 515.3137817382812, 539.4842529296875, 574.994140625, 620.9690551757812, 676.2769775390625, 739.5560913085938, 809.2481079101562, 883.6371459960938, 960.891357421875, 1039.108642578125, 1116.3629150390625, 1190.7518310546875, 1260.4439697265625, 1323.7230224609375, 1379.0308837890625, 1425.005859375, 1460.5157470703125, 1484.6861572265625, 1496.922119140625, 1496.922119140625, 1484.6861572265625, 1460.5157470703125, 1425.005859375, 1379.0308837890625, 1323.7230224609375, 1260.4439697265625, 1190.7518310546875, 1116.3629150390625, 1039.108642578125], [961.8543701171875, 886.5023803710938, 813.945068359375, 745.9690551757812, 684.2481079101562, 630.3020629882812, 585.4591674804688, 550.8236694335938, 527.2483520507812, 515.3137817382812, 515.3137817382812, 527.2483520507812, 550.8236694335938, 585.4591674804688, 630.3020629882812, 684.2481079101562, 745.9690551757812, 813.945068359375, 886.5023803710938, 961.8543701171875, 1038.1456298828125, 1113.4976806640625, 1186.054931640625, 1254.0308837890625, 1315.7518310546875, 1369.697998046875, 1414.540771484375, 1449.1763916015625, 1472.7515869140625, 1484.6861572265625, 1484.6861572265625, 1472.7515869140625, 1449.1763916015625, 1414.540771484375, 1369.697998046875, 1315.7518310546875, 1254.0308837890625, 1186.054931640625, 1113.4976806640625, 1038.1456298828125], [963.7566528320312, 892.1622924804688, 823.2233276367188, 758.6371459960938, 699.994140625, 648.7382202148438, 606.131591796875, 573.2233276367188, 550.8236694335938, 539.4842529296875, 539.4842529296875, 550.8236694335938, 573.2233276367188, 606.131591796875, 648.7382202148438, 699.994140625, 758.6371459960938, 823.2233276367188, 892.1622924804688, 963.7566528320312, 1036.243408203125, 1107.837646484375, 1176.7767333984375, 1241.3629150390625, 1300.005859375, 1351.26171875, 1393.868408203125, 1426.7767333984375, 1449.1763916015625, 1460.5157470703125, 1460.5157470703125, 1449.1763916015625, 1426.7767333984375, 1393.868408203125, 1351.26171875, 1300.005859375, 1241.3629150390625, 1176.7767333984375, 1107.837646484375, 1036.243408203125], [966.5513305664062, 900.4775390625, 836.8543701171875, 777.2483520507812, 723.1272583007812, 675.8236694335938, 636.5023803710938, 606.131591796875, 585.4591674804688, 574.994140625, 574.994140625, 585.4591674804688, 606.131591796875, 636.5023803710938, 675.8236694335938, 723.1272583007812, 777.2483520507812, 836.8543701171875, 900.4775390625, 966.5513305664062, 1033.44873046875, 1099.5224609375, 1163.1456298828125, 1222.7515869140625, 1276.872802734375, 1324.1763916015625, 1363.4976806640625, 1393.868408203125, 1414.540771484375, 1425.005859375, 1425.005859375, 1414.540771484375, 1393.868408203125, 1363.4976806640625, 1324.1763916015625, 1276.872802734375, 1222.7515869140625, 1163.1456298828125, 1099.5224609375, 1033.44873046875], [970.1696166992188, 911.2433471679688, 854.5026245117188, 801.344482421875, 753.0779418945312, 710.891357421875, 675.8236694335938, 648.7382202148438, 630.3020629882812, 620.9690551757812, 620.9690551757812, 630.3020629882812, 648.7382202148438, 675.8236694335938, 710.891357421875, 753.0779418945312, 801.344482421875, 854.5026245117188, 911.2433471679688, 970.1696166992188, 1029.830322265625, 1088.756591796875, 1145.4974365234375, 1198.655517578125, 1246.922119140625, 1289.108642578125, 1324.1763916015625, 1351.26171875, 1369.697998046875, 1379.0308837890625, 1379.0308837890625, 1369.697998046875, 1351.26171875, 1324.1763916015625, 1289.108642578125, 1246.922119140625, 1198.655517578125, 1145.4974365234375, 1088.756591796875, 1029.830322265625], [974.5224609375, 924.1947021484375, 875.7335205078125, 830.3321533203125, 789.108642578125, 753.0779418945312, 723.1272583007812, 699.994140625, 684.2481079101562, 676.2769775390625, 676.2769775390625, 684.2481079101562, 699.994140625, 723.1272583007812, 753.0779418945312, 789.108642578125, 830.3321533203125, 875.7335205078125, 924.1947021484375, 974.5224609375, 1025.4775390625, 1075.8052978515625, 1124.2664794921875, 1169.6678466796875, 1210.891357421875, 1246.922119140625, 1276.872802734375, 1300.005859375, 1315.7518310546875, 1323.7230224609375, 1323.7230224609375, 1315.7518310546875, 1300.005859375, 1276.872802734375, 1246.922119140625, 1210.891357421875, 1169.6678466796875, 1124.2664794921875, 1075.8052978515625, 1025.4775390625], [979.5026245117188, 939.0125732421875, 900.0242309570312, 863.4976196289062, 830.3321533203125, 801.344482421875, 777.2483520507812, 758.6371459960938, 745.9690551757812, 739.5560913085938, 739.5560913085938, 745.9690551757812, 758.6371459960938, 777.2483520507812, 801.344482421875, 830.3321533203125, 863.4976196289062, 900.0242309570312, 939.0125732421875, 979.5026245117188, 1020.497314453125, 1060.9874267578125, 1099.975830078125, 1136.5023193359375, 1169.6678466796875, 1198.655517578125, 1222.7515869140625, 1241.3629150390625, 1254.0308837890625, 1260.4439697265625, 1260.4439697265625, 1254.0308837890625, 1241.3629150390625, 1222.7515869140625, 1198.655517578125, 1169.6678466796875, 1136.5023193359375, 1099.975830078125, 1060.9874267578125, 1020.497314453125], [984.9874877929688, 955.3321533203125, 926.7766723632812, 900.0242309570312, 875.7335205078125, 854.5026245117188, 836.8543701171875, 823.2233276367188, 813.945068359375, 809.2481079101562, 809.2481079101562, 813.945068359375, 823.2233276367188, 836.8543701171875, 854.5026245117188, 875.7335205078125, 900.0242309570312, 926.7766723632812, 955.3321533203125, 984.9874877929688, 1015.0125122070312, 1044.6678466796875, 1073.2232666015625, 1099.975830078125, 1124.2664794921875, 1145.4974365234375, 1163.1456298828125, 1176.7767333984375, 1186.054931640625, 1190.7518310546875, 1190.7518310546875, 1186.054931640625, 1176.7767333984375, 1163.1456298828125, 1145.4974365234375, 1124.2664794921875, 1099.975830078125, 1073.2232666015625, 1044.6678466796875, 1015.0125122070312], [990.842041015625, 972.7516479492188, 955.3321533203125, 939.0125732421875, 924.1947021484375, 911.2433471679688, 900.4775390625, 892.1622924804688, 886.5023803710938, 883.6371459960938, 883.6371459960938, 886.5023803710938, 892.1622924804688, 900.4775390625, 911.2433471679688, 924.1947021484375, 939.0125732421875, 955.3321533203125, 972.7516479492188, 990.842041015625, 1009.1580200195312, 1027.2484130859375, 1044.6678466796875, 1060.9874267578125, 1075.8052978515625, 1088.756591796875, 1099.5224609375, 1107.837646484375, 1113.4976806640625, 1116.3629150390625, 1116.3629150390625, 1113.4976806640625, 1107.837646484375, 1099.5224609375, 1088.756591796875, 1075.8052978515625, 1060.9874267578125, 1044.6678466796875, 1027.2484130859375, 1009.1580200195312], [996.9220581054688, 990.842041015625, 984.9874877929688, 979.5026245117188, 974.5224609375, 970.1696166992188, 966.5513305664062, 963.7566528320312, 961.8543701171875, 960.891357421875, 960.891357421875, 961.8543701171875, 963.7566528320312, 966.5513305664062, 970.1696166992188, 974.5224609375, 979.5026245117188, 984.9874877929688, 990.842041015625, 996.9220581054688, 1003.0780029296875, 1009.1580200195312, 1015.0125122070312, 1020.497314453125, 1025.4775390625, 1029.830322265625, 1033.44873046875, 1036.243408203125, 1038.1456298828125, 1039.108642578125, 1039.108642578125, 1038.1456298828125, 1036.243408203125, 1033.44873046875, 1029.830322265625, 1025.4775390625, 1020.497314453125, 1015.0125122070312, 1009.1580200195312, 1003.0780029296875], [1003.0780029296875, 1009.1580200195312, 1015.0125122070312, 1020.497314453125, 1025.4775390625, 1029.830322265625, 1033.44873046875, 1036.243408203125, 1038.1456298828125, 1039.108642578125, 1039.108642578125, 1038.1456298828125, 1036.243408203125, 1033.44873046875, 1029.830322265625, 1025.4775390625, 1020.497314453125, 1015.0125122070312, 1009.1580200195312, 1003.0780029296875, 996.9220581054688, 990.842041015625, 984.9874877929688, 979.5026245117188, 974.5224609375, 970.1696166992188, 966.5513305664062, 963.7566528320312, 961.8543701171875, 960.891357421875, 960.891357421875, 961.8543701171875, 963.7566528320312, 966.5513305664062, 970.1696166992188, 974.5224609375, 979.5026245117188, 984.9874877929688, 990.842041015625, 996.9220581054688], [1009.1580200195312, 1027.2484130859375, 1044.6678466796875, 1060.9874267578125, 1075.8052978515625, 1088.756591796875, 1099.5224609375, 1107.837646484375, 1113.4976806640625, 1116.3629150390625, 1116.3629150390625, 1113.4976806640625, 1107.837646484375, 1099.5224609375, 1088.756591796875, 1075.8052978515625, 1060.9874267578125, 1044.6678466796875, 1027.2484130859375, 1009.1580200195312, 990.842041015625, 972.7516479492188, 955.3321533203125, 939.0125732421875, 924.1947021484375, 911.2433471679688, 900.4775390625, 892.1622924804688, 886.5023803710938, 883.6371459960938, 883.6371459960938, 886.5023803710938, 892.1622924804688, 900.4775390625, 911.2433471679688, 924.1947021484375, 939.0125732421875, 955.3321533203125, 972.7516479492188, 990.842041015625], [1015.0125122070312, 1044.6678466796875, 1073.2232666015625, 1099.975830078125, 1124.2664794921875, 1145.4974365234375, 1163.1456298828125, 1176.7767333984375, 1186.054931640625, 1190.7518310546875, 1190.7518310546875, 1186.054931640625, 1176.7767333984375, 1163.1456298828125, 1145.4974365234375, 1124.2664794921875, 1099.975830078125, 1073.2232666015625, 1044.6678466796875, 1015.0125122070312, 984.9874877929688, 955.3321533203125, 926.7766723632812, 900.0242309570312, 875.7335205078125, 854.5026245117188, 836.8543701171875, 823.2233276367188, 813.945068359375, 809.2481079101562, 809.2481079101562, 813.945068359375, 823.2233276367188, 836.8543701171875, 854.5026245117188, 875.7335205078125, 900.0242309570312, 926.7766723632812, 955.3321533203125, 984.9874877929688], [1020.497314453125, 1060.9874267578125, 1099.975830078125, 1136.5023193359375, 1169.6678466796875, 1198.655517578125, 1222.7515869140625, 1241.3629150390625, 1254.0308837890625, 1260.4439697265625, 1260.4439697265625, 1254.0308837890625, 1241.3629150390625, 1222.7515869140625, 1198.655517578125, 1169.6678466796875, 1136.5023193359375, 1099.975830078125, 1060.9874267578125, 1020.497314453125, 979.5026245117188, 939.0125732421875, 900.0242309570312, 863.4976196289062, 830.3321533203125, 801.344482421875, 777.2483520507812, 758.6371459960938, 745.9690551757812, 739.5560913085938, 739.5560913085938, 745.9690551757812, 758.6371459960938, 777.2483520507812, 801.344482421875, 830.3321533203125, 863.4976196289062, 900.0242309570312, 939.0125732421875, 979.5026245117188], [1025.4775390625, 1075.8052978515625, 1124.2664794921875, 1169.6678466796875, 1210.891357421875, 1246.922119140625, 1276.872802734375, 1300.005859375, 1315.7518310546875, 1323.7230224609375, 1323.7230224609375, 1315.7518310546875, 1300.005859375, 1276.872802734375, 1246.922119140625, 1210.891357421875, 1169.6678466796875, 1124.2664794921875, 1075.8052978515625, 1025.4775390625, 974.5224609375, 924.1947021484375, 875.7335205078125, 830.3321533203125, 789.108642578125, 753.0779418945312, 723.1272583007812, 699.994140625, 684.2481079101562, 676.2769775390625, 676.2769775390625, 684.2481079101562, 699.994140625, 723.1272583007812, 753.0779418945312, 789.108642578125, 830.3321533203125, 875.7335205078125, 924.1947021484375, 974.5224609375], [1029.830322265625, 1088.756591796875, 1145.4974365234375, 1198.655517578125, 1246.922119140625, 1289.108642578125, 1324.1763916015625, 1351.26171875, 1369.697998046875, 1379.0308837890625, 1379.0308837890625, 1369.697998046875, 1351.26171875, 1324.1763916015625, 1289.108642578125, 1246.922119140625, 1198.655517578125, 1145.4974365234375, 1088.756591796875, 1029.830322265625, 970.1696166992188, 911.2433471679688, 854.5026245117188, 801.344482421875, 753.0779418945312, 710.891357421875, 675.8236694335938, 648.7382202148438, 630.3020629882812, 620.9690551757812, 620.9690551757812, 630.3020629882812, 648.7382202148438, 675.8236694335938, 710.891357421875, 753.0779418945312, 801.344482421875, 854.5026245117188, 911.2433471679688, 970.1696166992188], [1033.44873046875, 1099.5224609375, 1163.1456298828125, 1222.7515869140625, 1276.872802734375, 1324.1763916015625, 1363.4976806640625, 1393.868408203125, 1414.540771484375, 1425.005859375, 1425.005859375, 1414.540771484375, 1393.868408203125, 1363.4976806640625, 1324.1763916015625, 1276.872802734375, 1222.7515869140625, 1163.1456298828125, 1099.5224609375, 1033.44873046875, 966.5513305664062, 900.4775390625, 836.8543701171875, 777.2483520507812, 723.1272583007812, 675.8236694335938, 636.5023803710938, 606.131591796875, 585.4591674804688, 574.994140625, 574.994140625, 585.4591674804688, 606.131591796875, 636.5023803710938, 675.8236694335938, 723.1272583007812, 777.2483520507812, 836.8543701171875, 900.4775390625, 966.5513305664062], [1036.243408203125, 1107.837646484375, 1176.7767333984375, 1241.3629150390625, 1300.005859375, 1351.26171875, 1393.868408203125, 1426.7767333984375, 1449.1763916015625, 1460.5157470703125, 1460.5157470703125, 1449.1763916015625, 1426.7767333984375, 1393.868408203125, 1351.26171875, 1300.005859375, 1241.3629150390625, 1176.7767333984375, 1107.837646484375, 1036.243408203125, 963.7566528320312, 892.1622924804688, 823.2233276367188, 758.6371459960938, 699.994140625, 648.7382202148438, 606.131591796875, 573.2233276367188, 550.8236694335938, 539.4842529296875, 539.4842529296875, 550.8236694335938, 573.2233276367188, 606.131591796875, 648.7382202148438, 699.994140625, 758.6371459960938, 823.2233276367188, 892.1622924804688, 963.7566528320312], [1038.1456298828125, 1113.4976806640625, 1186.054931640625, 1254.0308837890625, 1315.7518310546875, 1369.697998046875, 1414.540771484375, 1449.1763916015625, 1472.7515869140625, 1484.6861572265625, 1484.6861572265625, 1472.7515869140625, 1449.1763916015625, 1414.540771484375, 1369.697998046875, 1315.7518310546875, 1254.0308837890625, 1186.054931640625, 1113.4976806640625, 1038.1456298828125, 961.8543701171875, 886.5023803710938, 813.945068359375, 745.9690551757812, 684.2481079101562, 630.3020629882812, 585.4591674804688, 550.8236694335938, 527.2483520507812, 515.3137817382812, 515.3137817382812, 527.2483520507812, 550.8236694335938, 585.4591674804688, 630.3020629882812, 684.2481079101562, 745.9690551757812, 813.945068359375, 886.5023803710938, 961.8543701171875], [1039.108642578125, 1116.3629150390625, 1190.7518310546875, 1260.4439697265625, 1323.7230224609375, 1379.0308837890625, 1425.005859375, 1460.5157470703125, 1484.6861572265625, 1496.922119140625, 1496.922119140625, 1484.6861572265625, 1460.5157470703125, 1425.005859375, 1379.0308837890625, 1323.7230224609375, 1260.4439697265625, 1190.7518310546875, 1116.3629150390625, 1039.108642578125, 960.891357421875, 883.6371459960938, 809.2481079101562, 739.5560913085938, 676.2769775390625, 620.9690551757812, 574.994140625, 539.4842529296875, 515.3137817382812, 503.0779113769531, 503.0779113769531, 515.3137817382812, 539.4842529296875, 574.994140625, 620.9690551757812, 676.2769775390625, 739.5560913085938, 809.2481079101562, 883.6371459960938, 960.891357421875], [1039.108642578125, 1116.3629150390625, 1190.7518310546875, 1260.4439697265625, 1323.7230224609375, 1379.0308837890625, 1425.005859375, 1460.5157470703125, 1484.6861572265625, 1496.922119140625, 1496.922119140625, 1484.6861572265625, 1460.5157470703125, 1425.005859375, 1379.0308837890625, 1323.7230224609375, 1260.4439697265625, 1190.7518310546875, 1116.3629150390625, 1039.108642578125, 960.891357421875, 883.6371459960938, 809.2481079101562, 739.5560913085938, 676.2769775390625, 620.9690551757812, 574.994140625, 539.4842529296875, 515.3137817382812, 503.0779113769531, 503.0779113769531, 515.3137817382812, 539.4842529296875, 574.994140625, 620.9690551757812, 676.2769775390625, 739.5560913085938, 809.2481079101562, 883.6371459960938, 960.891357421875], [1038.1456298828125, 1113.4976806640625, 1186.054931640625, 1254.0308837890625, 1315.7518310546875, 1369.697998046875, 1414.540771484375, 1449.1763916015625, 1472.7515869140625, 1484.6861572265625, 1484.6861572265625, 1472.7515869140625, 1449.1763916015625, 1414.540771484375, 1369.697998046875, 1315.7518310546875, 1254.0308837890625, 1186.054931640625, 1113.4976806640625, 1038.1456298828125, 961.8543701171875, 886.5023803710938, 813.945068359375, 745.9690551757812, 684.2481079101562, 630.3020629882812, 585.4591674804688, 550.8236694335938, 527.2483520507812, 515.3137817382812, 515.3137817382812, 527.2483520507812, 550.8236694335938, 585.4591674804688, 630.3020629882812, 684.2481079101562, 745.9690551757812, 813.945068359375, 886.5023803710938, 961.8543701171875], [1036.243408203125, 1107.837646484375, 1176.7767333984375, 1241.3629150390625, 1300.005859375, 1351.26171875, 1393.868408203125, 1426.7767333984375, 1449.1763916015625, 1460.5157470703125, 1460.5157470703125, 1449.1763916015625, 1426.7767333984375, 1393.868408203125, 1351.26171875, 1300.005859375, 1241.3629150390625, 1176.7767333984375, 1107.837646484375, 1036.243408203125, 963.7566528320312, 892.1622924804688, 823.2233276367188, 758.6371459960938, 699.994140625, 648.7382202148438, 606.131591796875, 573.2233276367188, 550.8236694335938, 539.4842529296875, 539.4842529296875, 550.8236694335938, 573.2233276367188, 606.131591796875, 648.7382202148438, 699.994140625, 758.6371459960938, 823.2233276367188, 892.1622924804688, 963.7566528320312], [1033.44873046875, 1099.5224609375, 1163.1456298828125, 1222.7515869140625, 1276.872802734375, 1324.1763916015625, 1363.4976806640625, 1393.868408203125, 1414.540771484375, 1425.005859375, 1425.005859375, 1414.540771484375, 1393.868408203125, 1363.4976806640625, 1324.1763916015625, 1276.872802734375, 1222.7515869140625, 1163.1456298828125, 1099.5224609375, 1033.44873046875, 966.5513305664062, 900.4775390625, 836.8543701171875, 777.2483520507812, 723.1272583007812, 675.8236694335938, 636.5023803710938, 606.131591796875, 585.4591674804688, 574.994140625, 574.994140625, 585.4591674804688, 606.131591796875, 636.5023803710938, 675.8236694335938, 723.1272583007812, 777.2483520507812, 836.8543701171875, 900.4775390625, 966.5513305664062], [1029.830322265625, 1088.756591796875, 1145.4974365234375, 1198.655517578125, 1246.922119140625, 1289.108642578125, 1324.1763916015625, 1351.26171875, 1369.697998046875, 1379.0308837890625, 1379.0308837890625, 1369.697998046875, 1351.26171875, 1324.1763916015625, 1289.108642578125, 1246.922119140625, 1198.655517578125, 1145.4974365234375, 1088.756591796875, 1029.830322265625, 970.1696166992188, 911.2433471679688, 854.5026245117188, 801.344482421875, 753.0779418945312, 710.891357421875, 675.8236694335938, 648.7382202148438, 630.3020629882812, 620.9690551757812, 620.9690551757812, 630.3020629882812, 648.7382202148438, 675.8236694335938, 710.891357421875, 753.0779418945312, 801.344482421875, 854.5026245117188, 911.2433471679688, 970.1696166992188], [1025.4775390625, 1075.8052978515625, 1124.2664794921875, 1169.6678466796875, 1210.891357421875, 1246.922119140625, 1276.872802734375, 1300.005859375, 1315.7518310546875, 1323.7230224609375, 1323.7230224609375, 1315.7518310546875, 1300.005859375, 1276.872802734375, 1246.922119140625, 1210.891357421875, 1169.6678466796875, 1124.2664794921875, 1075.8052978515625, 1025.4775390625, 974.5224609375, 924.1947021484375, 875.7335205078125, 830.3321533203125, 789.108642578125, 753.0779418945312, 723.1272583007812, 699.994140625, 684.2481079101562, 676.2769775390625, 676.2769775390625, 684.2481079101562, 699.994140625, 723.1272583007812, 753.0779418945312, 789.108642578125, 830.3321533203125, 875.7335205078125, 924.1947021484375, 974.5224609375], [1020.497314453125, 1060.9874267578125, 1099.975830078125, 1136.5023193359375, 1169.6678466796875, 1198.655517578125, 1222.7515869140625, 1241.3629150390625, 1254.0308837890625, 1260.4439697265625, 1260.4439697265625, 1254.0308837890625, 1241.3629150390625, 1222.7515869140625, 1198.655517578125, 1169.6678466796875, 1136.5023193359375, 1099.975830078125, 1060.9874267578125, 1020.497314453125, 979.5026245117188, 939.0125732421875, 900.0242309570312, 863.4976196289062, 830.3321533203125, 801.344482421875, 777.2483520507812, 758.6371459960938, 745.9690551757812, 739.5560913085938, 739.5560913085938, 745.9690551757812, 758.6371459960938, 777.2483520507812, 801.344482421875, 830.3321533203125, 863.4976196289062, 900.0242309570312, 939.0125732421875, 979.5026245117188], [1015.0125122070312, 1044.6678466796875, 1073.2232666015625, 1099.975830078125, 1124.2664794921875, 1145.4974365234375, 1163.1456298828125, 1176.7767333984375, 1186.054931640625, 1190.7518310546875, 1190.7518310546875, 1186.054931640625, 1176.7767333984375, 1163.1456298828125, 1145.4974365234375, 1124.2664794921875, 1099.975830078125, 1073.2232666015625, 1044.6678466796875, 1015.0125122070312, 984.9874877929688, 955.3321533203125, 926.7766723632812, 900.0242309570312, 875.7335205078125, 854.5026245117188, 836.8543701171875, 823.2233276367188, 813.945068359375, 809.2481079101562, 809.2481079101562, 813.945068359375, 823.2233276367188, 836.8543701171875, 854.5026245117188, 875.7335205078125, 900.0242309570312, 926.7766723632812, 955.3321533203125, 984.9874877929688], [1009.1580200195312, 1027.2484130859375, 1044.6678466796875, 1060.9874267578125, 1075.8052978515625, 1088.756591796875, 1099.5224609375, 1107.837646484375, 1113.4976806640625, 1116.3629150390625, 1116.3629150390625, 1113.4976806640625, 1107.837646484375, 1099.5224609375, 1088.756591796875, 1075.8052978515625, 1060.9874267578125, 1044.6678466796875, 1027.2484130859375, 1009.1580200195312, 990.842041015625, 972.7516479492188, 955.3321533203125, 939.0125732421875, 924.1947021484375, 911.2433471679688, 900.4775390625, 892.1622924804688, 886.5023803710938, 883.6371459960938, 883.6371459960938, 886.5023803710938, 892.1622924804688, 900.4775390625, 911.2433471679688, 924.1947021484375, 939.0125732421875, 955.3321533203125, 972.7516479492188, 990.842041015625], [1003.0780029296875, 1009.1580200195312, 1015.0125122070312, 1020.497314453125, 1025.4775390625, 1029.830322265625, 1033.44873046875, 1036.243408203125, 1038.1456298828125, 1039.108642578125, 1039.108642578125, 1038.1456298828125, 1036.243408203125, 1033.44873046875, 1029.830322265625, 1025.4775390625, 1020.497314453125, 1015.0125122070312, 1009.1580200195312, 1003.0780029296875, 996.9220581054688, 990.842041015625, 984.9874877929688, 979.5026245117188, 974.5224609375, 970.1696166992188, 966.5513305664062, 963.7566528320312, 961.8543701171875, 960.891357421875, 960.891357421875, 961.8543701171875, 963.7566528320312, 966.5513305664062, 970.1696166992188, 974.5224609375, 979.5026245117188, 984.9874877929688, 990.842041015625, 996.9220581054688]], "type": "contour"}, {"y": [1039.108642578125, 1116.3629150390625, 1190.7518310546875, 1260.4439697265625, 1323.7230224609375, 1379.0308837890625, 1425.005859375, 1460.5157470703125, 1484.6861572265625, 1496.922119140625, 1496.922119140625, 1484.6861572265625, 1460.5157470703125, 1425.005859375, 1379.0308837890625, 1323.7230224609375, 1260.4439697265625, 1190.7518310546875, 1116.3629150390625, 1039.108642578125, 960.891357421875, 883.6371459960938, 809.2481079101562, 739.5560913085938, 676.2769775390625, 620.9690551757812, 574.994140625, 539.4842529296875, 515.3137817382812, 503.0779113769531, 503.0779113769531, 515.3137817382812, 539.4842529296875, 574.994140625, 620.9690551757812, 676.2769775390625, 739.5560913085938, 809.2481079101562, 883.6371459960938, 960.891357421875], "x": [0, 1, 2, 3, 4, 5, 6, 7, 8, 9, 10, 11, 12, 13, 14, 15, 16, 17, 18, 19, 20, 21, 22, 23, 24, 25, 26, 27, 28, 29, 30, 31, 32, 33, 34, 35, 36, 37, 38, 39], "type": "scatter", "mode": "lines", "yaxis": "y2"}, {"y": [0, 1, 2, 3, 4, 5, 6, 7, 8, 9, 10, 11, 12, 13, 14, 15, 16, 17, 18, 19, 20, 21, 22, 23, 24, 25, 26, 27, 28, 29, 30, 31, 32, 33, 34, 35, 36, 37, 38, 39], "x": [960.891357421875, 883.6371459960938, 809.2481079101562, 739.5560913085938, 676.2769775390625, 620.9690551757812, 574.994140625, 539.4842529296875, 515.3137817382812, 503.0779113769531, 503.0779113769531, 515.3137817382812, 539.4842529296875, 574.994140625, 620.9690551757812, 676.2769775390625, 739.5560913085938, 809.2481079101562, 883.6371459960938, 960.891357421875, 1039.108642578125, 1116.3629150390625, 1190.7518310546875, 1260.4439697265625, 1323.7230224609375, 1379.0308837890625, 1425.005859375, 1460.5157470703125, 1484.6861572265625, 1496.922119140625, 1496.922119140625, 1484.6861572265625, 1460.5157470703125, 1425.005859375, 1379.0308837890625, 1323.7230224609375, 1260.4439697265625, 1190.7518310546875, 1116.3629150390625, 1039.108642578125], "type": "scatter", "mode": "lines", "xaxis": "x2"}];
layout = {"showlegend": false, "title": "Thickness", "yaxis": {"domain": [0, 0.8]}, "xaxis2": {"range": [503.07791137695312, 1496.922119140625], "domain": [0.8, 1]}, "height": 800, "width": 800, "yaxis2": {"range": [503.07791137695312, 1496.922119140625], "domain": [0.8, 1]}, "xaxis": {"domain": [0, 0.8]}, "margin": {"t": 50}};
